308614 886056 阿尔茨海默概念 0 -5.620801564624556e-05  1043.742 1034.688 1043.251
301558 885611 阿里巴巴概念 0 0.005365096398659788  1384.753 1372.319 1369.723
300800 885423 安防 0 -0.0026017345409703914  3467.046 3436.842 3398.668
301496 885525 白酒概念 0 0.0003378678203088342  8000.170 7954.893 7986.761
308594 885867 标普道琼斯A股 0 -0.0017792740980389933  1369.285 1359.478 1356.985
309084 886053 BC电池 0 -0.010707104884730227  922.098 909.818 897.372
301259 885797 百度概念 0 0.002196594892057468  1425.388 1406.925 1392.395
308743 885932 北交所概念 0 -0.0018523633411561989  1151.322 1137.668 1134.858
307408 885790 边缘计算 0 0.0019285092975075658  1761.637 1745.491 1729.146
305376 885829 丙烯酸 1 -0.0058284065708581944  1592.831 1581.141 1569.784
307550 885825 冰雪产业 0 -0.0016019921431317402  1064.716 1051.322 1047.871
308972 885997 比亚迪概念 1 -0.006570375754071315  1245.185 1242.396 1223.264
300018 885623 参股保险 0 -5.386993311838853e-05  1206.610 1196.159 1195.496
306912 885789 宁德时代概念 0 -0.006792672190228579  1420.943 1414.678 1394.106
300100 885620 参股券商 0 -0.001061548700694247  1183.491 1169.807 1170.051
300389 885729 参股新三板 0 -0.00037489583625927226  890.025 882.076 877.776
300157 885640 草甘膦 1 -0.004517703869039757  1317.631 1310.669 1299.766
301270 885835 参股银行 0 -0.0015701584950875943  1169.521 1160.398 1156.566
309094 886061 长安汽车概念 1 -0.011035077302616188  1173.893 1164.296 1143.931
308432 885832 长三角一体化 0 -0.0020574201473318077  1204.583 1196.173 1191.004
308969 885996 超超临界发电 0 -0.0017462317563429412  1108.673 1101.631 1097.663
309056 886038 超导概念 0 -0.006393071888390868  1133.623 1129.122 1118.820
300926 885886 超级电容 0 -0.0032545966777047497  1618.941 1615.386 1600.833
306750 885761 超级品牌 0 -0.002615293080662518  1435.913 1427.948 1433.519
308473 885816 超清视频 0 0.0016999033620640053  1687.743 1676.359 1663.797
300163 885662 车联网 0 -0.0032815095606687204  905.376 894.867 883.908
309045 886030 成飞概念 0 -0.007138577445571575  1123.800 1113.970 1101.002
300786 885461 充电桩 0 -0.0024771837516247195  4266.404 4274.028 4237.056
308588 886012 宠物经济 0 0.000958685217257252  1054.917 1051.060 1052.815
308822 885955 重组蛋白 0 -0.0003323996616054851  745.087 735.781 740.384
308753 885935 抽水蓄能 0 -0.0026577834037511193  954.304 946.570 945.249
301016 885946 传感器 1 -0.007581752219907469  1018.586 1015.562 998.173
300168 885413 创投 0 0.0013386311328990178  2562.070 2545.903 2532.492
308014 886015 创新药 0 -0.0013048037104378461  1151.131 1139.419 1142.371
306380 885921 储能 0 -0.004831095354433417  1633.170 1625.548 1610.926
307940 886042 存储芯片 0 -0.003737157829414624  1015.210 1012.185 993.596
301123 885810 大豆 0 -0.002288902370608126  2043.920 2040.501 2034.360
300013 885566 大飞机 0 -0.006304156547474092  2407.142 2388.462 2358.286
308696 885904 代糖概念 0 -0.0022934411421729364  798.945 793.293 790.634
307816 885893 国家大基金持股 0 -0.000722098826755519  1203.898 1203.851 1191.364
300835 885452 大数据 0 0.0031237718419940465  2970.234 2932.707 2912.180
308876 885978 低辐射玻璃（Low-E） 0 -0.002991375926849203  942.710 936.170 930.492
300733 885710 锂电池 0 -0.006417733430044477  1224.264 1215.783 1200.035
302027 885737 电子竞技 0 0.0059851947803919855  401.435 395.474 393.667
300186 885420 电子商务 0 0.0022207697084444485  2960.385 2948.551 2947.335
308869 885975 电子身份证 0 0.003820971313933367  1285.537 1280.872 1264.056
308700 885908 第三代半导体 0 -0.004676886842049901  1268.080 1278.497 1251.770
301623 885692 地下管网 0 -0.0028634645535386676  1089.822 1076.906 1071.723
308477 885819 电力物联网 0 -0.00017323805912413501  1487.356 1485.164 1472.742
307822 885944 动力电池回收 0 -0.007368179956128942  660.724 653.839 647.037
308828 885957 东数西算（算力） 0 0.0031200737216819027  1496.439 1477.243 1476.731
308537 885846 动物疫苗 0 -0.003756525018315667  1513.278 1500.868 1499.198
308366 885890 抖音概念 0 0.012235050540913978  1168.855 1164.762 1162.701
309093 886060 短剧游戏 0 0.01451495432163265  1094.756 1081.319 1084.304
308002 885787 独角兽概念 0 0.001750828333911667  1495.673 1482.872 1471.775
301135 885953 电子纸 1 -0.006142956900789549  1032.022 1023.636 1010.514
308803 885943 EDR概念 0 0.002999261248931895  979.130 984.466 965.877
309058 886039 ERP概念 0 0.00197493233460302  1032.778 1022.543 1009.454
300891 885540 三胎概念 0 0.0014316468405915527  1880.352 1867.506 1865.377
308555 885861 ETC 0 -0.002386140601119024  1620.888 1602.026 1581.783
308850 885964 俄乌冲突概念 0 -0.002034507639194506  1004.338 1000.570 1002.492
308977 885998 F5G概念 0 0.008895493175145186  1609.729 1612.043 1604.914
308572 885856 仿制药一致性评价 0 -0.0020964576495601183  1553.573 1535.787 1543.249
301174 886003 钒电池 0 -0.0033906872000914073  1035.385 1029.553 1019.461
308590 885873 分拆上市意愿 0 -0.0026739567623717806  1398.427 1390.973 1383.513
300200 885641 风电 0 -0.005002478158193974  823.192 817.346 811.755
308438 885805 芬太尼 2 -0.00027808435064649665  2074.910 2041.914 2075.215
300085 885551 氟化工概念 0 -0.005980657220607684  3140.569 3119.182 3088.427
301236 885617 福建自贸区 0 -0.000136017585591169  1034.180 1023.042 1020.114
307954 885786 富士康概念 1 -0.0035427072919136104  1573.373 1577.845 1552.420
308708 885909 辅助生殖 0 -0.0007489064664087369  1229.348 1213.909 1220.449
308991 886006 钙钛矿电池 0 -0.005510008160716066  819.781 818.621 806.232
308915 885989 肝炎概念 0 -0.0006879142038330245  1191.040 1175.469 1185.898
300890 885427 高端装备 0 -0.0040554343232682205  2099.734 2091.737 2077.698
301518 885562 高铁 0 -0.004855625656414345  2400.034 2387.058 2368.732
308806 886001 高压快充 1 -0.0024589945384093453  1225.162 1238.931 1220.629
309023 886018 高压氧舱 0 0.005974239213641447  1081.644 1094.170 1104.831
309049 886033 共封装光学（CPO） 0 0.003302420890995691  1570.565 1558.525 1554.040
308732 885924 共同富裕示范区 0 -0.002175020171558045  1102.212 1094.372 1089.908
301620 885619 工业4.0 0 -0.003728947859484364  1914.928 1910.141 1895.310
301477 885818 工业大麻 0 -0.0016264479418903455  1401.213 1387.754 1379.433
301780 885783 工业互联网 0 -0.0014647069336066586  1799.905 1786.447 1774.589
300941 885930 工业母机 0 -0.005542095528162848  1118.951 1119.394 1105.244
301284 885657 供应链金融 0 -0.000829124398389303  605.458 599.821 597.013
302154 885739 股权转让 0 0.0003840255435680082  795.086 791.719 787.776
301630 885734 广东自贸区 0 0.000669587206610367  1169.875 1161.313 1160.407
301079 885531 光伏概念 0 -0.005224377980340432  2974.772 2957.444 2929.606
309085 886054 光刻机 0 -0.007305586303725891  1117.501 1111.900 1090.006
308582 885864 光刻胶 0 -0.006534467403033175  2653.570 2653.048 2595.339
300223 886011 光热发电 0 -0.004307598031843575  831.167 823.603 820.015
300221 885410 固废处理 0 -0.0016935415459366462  1630.705 1620.567 1612.123
308829 885958 硅能源 0 -0.007756215807583689  875.255 866.568 856.643
308531 885844 国产操作系统 0 0.0038290091129292198  1600.327 1589.498 1573.070
301524 885568 国产软件 0 0.0021586779723550575  3720.487 3678.356 3646.293
300082 885700 军工 0 -0.003577280331423001  1510.738 1503.166 1489.452
309034 886021 国企改革 0 -0.000920938277195114  1086.573 1078.136 1075.895
308874 885977 国资云 0 0.0007803892978634087  1434.754 1412.401 1398.300
308294 886032 固态电池 0 -0.008011990768930877  789.941 780.777 773.393
302174 885865 钴 0 -0.004349145072624646  1499.835 1490.150 1477.831
302166 885747 共享单车 1 -0.0033394967099396994  1082.199 1080.718 1064.311
301669 886016 供销社 1 -0.007069227560827456  1124.451 1105.041 1095.193
300105 885426 海工装备 0 -0.004987983881689434  1872.901 1851.844 1852.602
308428 885894 海南自贸区 0 0.0010587759066461083  1203.906 1193.824 1202.615
300066 885939 海峡两岸 0 -0.0028261077317563734  1158.012 1144.270 1137.041
301470 885884 航空发动机 0 -0.004100985927399835  1762.503 1757.096 1741.388
300236 885795 国产航母 0 -0.002114722446831876  1605.254 1595.987 1591.838
300973 885733 航运概念 0 0.002118131016805514  1299.416 1296.239 1300.433
301783 885701 杭州亚运会 0 0.0003695243329879479  967.911 959.561 955.165
309051 886035 毫米波雷达 0 -0.002904602529381011  1208.886 1206.791 1190.795
300238 885571 核电 0 -0.005677398985858742  2343.855 2324.875 2306.059
308547 885849 黑龙江自贸区 0 0.0027581725195744452  1360.321 1350.731 1354.765
302144 885984 恒大概念 0 -0.005488978428268415  1077.614 1070.726 1058.474
300087 885827 横琴新区 0 0.0023868061836251884  1374.361 1361.012 1357.605
301424 886052 核污染防治 0 -0.0058469328881548795  1008.734 998.156 990.517
308698 885906 核准制次新股 0 -0.002671331399791362  924.383 917.807 915.903
301249 885647 互联网彩票 0 0.009133601813340353  757.350 758.670 761.562
301209 885456 互联网金融 0 0.0019528169050753864  4353.028 4318.344 4303.386
300444 885765 互联网医疗 0 -0.0008094096133903547  1029.557 1017.344 1012.688
308731 885923 鸿蒙概念 0 0.00274260936547018  1423.705 1408.405 1392.893
308941 885994 猴痘概念 0 0.0009014372468597944  910.398 897.232 903.193
301104 885967 化肥 0 -0.0036679731961689853  784.266 778.807 774.158
308775 885938 换电概念 0 -0.00023138245416195568  1220.202 1221.430 1214.548
300248 885530 黄金概念 0 0.0014401126797587928  1876.705 1887.282 1871.548
308202 885903 环氧丙烷 0 -0.00735417448133473  1311.636 1300.807 1283.342
301459 885806 华为概念 0 -9.443401553920311e-05  2294.371 2281.257 2258.529
308527 885843 华为海思概念股 0 -0.0010262014649960363  2300.393 2298.919 2258.356
308883 885980 华为鲲鹏 0 0.0030826487949526097  1141.767 1128.759 1117.917
308887 885982 华为欧拉 0 0.005576322475201055  1132.945 1124.815 1120.048
308507 885834 华为汽车 1 -0.00788925825727002  2190.827 2187.746 2150.784
309090 886058 华为昇腾 0 0.007140500230977385  1212.240 1202.756 1195.361
301490 885520 沪股通 0 -0.001333433884265511  1763.617 1754.177 1749.596
301628 885767 互联网保险 0 0.00449966482088578  798.578 792.645 788.322
301522 885675 集成电路概念 0 -0.003308588481329457  2096.463 2096.979 2066.495
309081 886051 减肥药 0 -0.005097843638944448  1168.991 1154.933 1149.621
309000 886008 减速器 1 -0.004269097413824829  1159.808 1160.225 1153.764
300261 885386 建筑节能 0 -0.0042065923712169  1142.017 1128.635 1120.637
308885 885981 家庭医生 0 0.004433483537986086  1137.781 1126.500 1123.774
300814 885543 家用电器 0 -0.0039688488651757935  2668.196 2660.013 2637.389
300730 885563 节能环保 0 -0.003032014972130155  1807.269 1797.694 1785.537
300053 885433 节能照明 0 -0.006783544129895583  3680.721 3658.684 3595.325
300265 885560 金改 0 0.001822792052973827  2227.718 2215.932 2215.494
300061 885514 京津冀一体化 0 -0.0010146872852793093  1596.551 1582.508 1574.023
301032 885961 净水概念 0 -0.0030283325043360884  902.697 899.923 896.319
301107 885972 金属回收 0 -0.007016340108945143  804.503 798.771 790.598
308864 885971 金属铅 0 -0.0016606667494241676  845.845 846.692 838.933
301582 885970 金属锌 0 -0.0010035223596971139  880.565 881.905 875.087
300816 885517 机器人概念 0 -0.0032737950867494097  2515.022 2506.575 2484.135
301258 886002 机器视觉 0 -0.0030574614263930515  1294.538 1288.251 1273.364
301146 885578 基因测序 0 -0.0010221625470366025  1925.982 1908.794 1904.306
301799 885703 健康中国 0 -0.002970059182796972  824.226 814.620 814.612
301786 885743 军民融合 0 -0.002896088005944319  1047.505 1043.259 1033.957
300269 885587 举牌 0 -0.0073317552527014775  2173.104 2140.154 2140.306
309035 886024 抗病毒面料 0 -0.0007142768924220758  971.612 961.499 964.316
309031 886022 抗原检测 0 -5.675986992055682e-05  939.631 928.482 932.644
308699 885907 科创次新股 0 -0.0066402433247596355  707.203 701.204 689.576
301117 885901 可降解塑料 0 -0.005711500194838229  1124.865 1115.959 1106.792
300277 885748 可燃冰 0 -0.0022400148423618324  1049.249 1043.008 1043.391
301610 885802 壳资源 0 -0.002011282272238318  2297.705 2293.271 2281.527
309066 886049 空间计算 0 0.0007866302859090287  933.094 914.361 905.700
309007 886010 空气能热泵 0 -0.005709723379277467  1028.713 1024.152 1014.668
308659 885918 快手概念 0 0.015633877652556614  1429.737 1419.719 1416.942
301564 885642 跨境电商 0 0.003556891031346467  702.205 698.680 697.770
308566 885854 垃圾分类 0 -0.0014074263465232344  1392.376 1382.870 1379.009
301179 885502 冷链物流 0 -0.0005974317874035823  1388.722 1382.371 1384.262
301248 885974 两轮车 0 -0.004542934754877844  1156.301 1147.523 1135.388
308956 885995 粮食概念 0 -0.0036048061292165315  955.946 950.091 945.147
300830 885730 量子科技 0 0.0010724983940273419  1441.494 1429.480 1417.196
300098 885863 磷化工 0 -0.005193934218207966  1796.262 1783.052 1767.745
300038 885879 流感 0 -0.001636805044435422  1456.496 1432.940 1449.298
308926 885990 露营经济 0 -0.0030651041463078212  1279.130 1271.316 1266.146
308760 885936 绿色电力 0 -0.001868732306171815  883.665 878.187 876.133
300923 885505 生态农业 0 -0.0038040676373597908  1420.497 1410.208 1402.878
308893 885985 毛发医疗 0 -4.548990351552849e-06  1099.145 1090.658 1088.316
302150 885749 蚂蚁金服概念 0 -0.0005695296675432921  1346.140 1329.319 1320.274
300084 885398 煤化工 0 -0.002958515347464878  2001.905 1993.159 1977.774
308716 885914 煤炭概念 0 0.0008667187611862141  1750.664 1749.594 1738.410
309044 886029 蒙脱石散 1 0.00143860525664282  1188.883 1173.288 1191.802
308657 885898 免税店 0 0.002726112883304288  884.654 878.989 884.624
308834 885960 民爆概念 0 -0.003930503961534242  1127.930 1128.231 1114.168
308628 885875 MiniLED 1 -0.00631546790273593  1475.214 1471.760 1442.526
301346 885490 民营医院 0 -0.0020488956799555678  1526.188 1511.485 1513.531
303944 885745 MSCI概念 0 -0.0020704453644624092  1234.517 1224.796 1224.065
301096 885928 钠离子电池 0 -0.007158390142224279  886.745 877.671 869.213
308535 886047 脑机接口 0 0.007861626338644965  1062.206 1063.300 1056.132
308748 885933 NFT概念 0 0.010801953759509085  1407.338 1396.185 1390.587
301511 885969 金属镍 0 -0.005222438674563693  713.013 710.645 701.939
301632 885629 农村电商 0 -0.0022887401391945054  1629.135 1612.108 1605.114
301306 885706 农机 1 -0.006061457504472414  847.046 840.559 837.262
308016 885812 农业种植 0 -0.0024713609607877863  2219.290 2207.642 2196.296
301154 885738 OLED 0 -0.0036051962652232043  1717.336 1720.697 1695.062
308832 885959 PCB概念 0 -0.006184619167508585  997.744 994.042 976.019
308774 885937 培育钻石 0 -0.0035831864387215213  831.662 833.215 825.089
309030 886020 PET铜箔 0 -0.0066721246342069445  900.213 900.275 887.298
301497 885780 啤酒概念 0 -0.002857056391819381  1376.825 1370.160 1368.376
308709 885910 拼多多概念 1 0.025510216172607653  984.599 1006.973 1005.522
300309 885376 苹果概念 1 -0.0036773441450920863  2961.467 2961.450 2922.651
300134 885555 PM2.5 1 -0.0021500525620047196  1219.195 1215.621 1207.990
309040 886026 POE胶膜 0 -0.008750423950520041  782.324 776.309 768.107
301624 885690 PPP概念 0 -0.0013908165117736467  796.894 789.160 786.533
308694 885902 汽车拆解概念 0 -0.003539664831396453  995.857 987.348 982.357
301471 885545 汽车电子 0 -0.005645770724591846  3262.324 3250.575 3195.942
308805 885999 汽车热管理 1 -0.010948791704398145  1351.656 1345.711 1318.158
308725 885945 汽车芯片 0 -0.004594852496938988  767.453 763.295 751.896
300220 885570 期货概念 0 0.0006576003347783296  1527.777 1516.517 1520.672
301794 885852 青蒿素 0 0.0009446656121562413  1653.848 1637.842 1650.880
308491 885823 氢能源 0 -0.006575887379346074  1805.992 1791.689 1777.875
300075 885508 禽流感 0 -0.0023784814989820874  2264.470 2239.601 2256.935
302045 885757 区块链 0 0.002914943777619576  1273.781 1262.937 1252.482
301292 885633 染料 0 -0.004838767520296718  994.537 986.125 980.170
300316 885775 燃料电池 1 -0.007837924629344616  1424.144 1415.289 1398.955
305790 885798 燃料乙醇 0 -0.0007205114014906716  1093.205 1091.589 1089.142
302035 885728 人工智能 0 0.0015438399599104447  955.194 945.330 937.177
308517 885839 人造肉 0 -0.0011713793433105288  1227.328 1223.914 1223.139
301166 885759 人脸识别 0 0.0009629072686749506  993.519 981.626 969.175
300900 885338 融资融券 0 -0.005690706561509085  1229.900 1215.555 1206.985
308467 885809 柔性屏 0 -0.003250391800452395  1836.394 1839.893 1817.328
308810 885948 柔性直流输电 0 -0.0033880352053238492  890.585 891.696 880.150
300983 885462 乳业 0 -1.697138624280948e-05  2003.372 1997.219 2010.011
301602 885792 赛马概念 0 -0.0003821443576702169  789.405 782.617 784.315
301402 885493 上海国企改革 0 7.17313769193861e-05  1403.384 1392.783 1393.258
301128 885472 上海自贸区 0 -0.00014804001577844485  3201.837 3179.739 3164.570
301636 885694 深股通 0 -0.00186397179711926  982.311 976.004 970.179
300106 885845 生物疫苗 0 6.340258927769038e-05  1903.182 1881.585 1900.522
300769 885403 生物医药 0 -0.002755396847226361  2530.428 2497.596 2506.283
308989 886005 生物质能发电 0 -0.0018337444400230928  846.901 841.848 840.084
301171 885697 深圳国企改革 0 -8.79564611052746e-05  1493.163 1477.146 1480.067
308710 885911 社区团购 1 0.005600983721425497  873.418 874.015 887.562
300714 886014 世界杯 0 0.003484888790019448  1285.646 1277.821 1270.624
300180 886036 时空大数据 0 -0.004102677466501583  1121.869 1099.693 1086.887
307512 885781 石墨电极 0 -0.010173369351038368  1000.619 983.997 966.355
300337 885355 石墨烯 0 -0.006916823003413793  1140.167 1129.150 1114.776
300023 885406 食品安全 0 -0.0015983079664328471  3700.163 3681.070 3663.942
308661 885895 室外经济 0 -0.0024435468777109673  1951.944 1929.562 1925.582
301050 885457 手机游戏 0 0.012093984059015815  2302.660 2275.192 2261.885
300345 885572 水利 0 -0.0038546555232979213  1886.204 1860.164 1848.237
307826 885782 水泥概念 0 -0.0033726058095132918  1042.715 1031.932 1027.202
308801 885942 数据安全 0 0.004760414482365953  949.007 938.553 932.666
309037 886023 数据确权 0 0.004310172231093406  1365.220 1344.420 1339.318
309060 886041 数据要素 0 0.001770080211863011  1000.143 984.323 974.318
308642 885887 数据中心 0 0.0025292963315161443  1377.590 1366.492 1358.776
301997 885866 数字货币 0 0.0023147754639467554  1647.100 1632.710 1617.370
308870 885976 数字经济 0 0.0036831701171587653  1268.563 1255.927 1248.017
308479 885820 数字孪生 0 -0.002842286585328294  1353.605 1330.738 1313.107
309050 886034 数字水印 0 0.005396410754329763  924.874 915.013 910.728
308525 885842 数字乡村 0 0.0018215899807605181  1550.111 1535.540 1527.467
308296 885796 送转填权 0 -0.007897355945781363  1035.241 1016.228 1011.986
300862 885699 ST板块 0 -0.0010709088271689093  636.531 633.437 630.969
309068 886050 算力租赁 0 0.0055783888306114365  1046.718 1034.338 1038.152
300351 885652 钛白粉概念 0 -0.005008446350102307  1476.772 1467.478 1447.342
300795 886043 太赫兹 0 -0.0019256645081769709  1115.286 1112.679 1107.343
308620 885871 胎压监测 0 -0.0026620362407390897  1889.531 1885.975 1852.099
300931 885986 碳交易 0 -0.002868870355006337  916.040 907.372 903.824
300352 885650 碳纤维 0 -0.004836725339937721  1243.610 1237.829 1222.836
308728 885919 碳中和 0 -0.003390525348898952  1470.077 1457.253 1448.198
300845 885428 特钢概念 0 -0.0038327850536900594  2771.092 2747.348 2732.747
300353 885425 特高压 0 -0.003380115907803339  2681.269 2671.231 2649.984
302010 885779 腾讯概念 0 0.004751153786869053  955.838 946.372 942.264
302674 885750 特色小镇 0 -0.00212920747012826  437.565 431.210 430.228
301121 885467 特斯拉 1 -0.006708908903211114  3478.509 3464.969 3420.050
301229 885487 天津自贸区 0 0.003294240117897788  1078.448 1069.787 1075.775
300358 885430 天然气 0 -0.002218204587443213  1162.652 1152.812 1158.517
301605 885615 体育产业 0 -0.0006209779370191648  839.536 831.141 826.773
301577 885973 金属铜 0 -0.0028226467529817094  872.231 870.260 862.340
308718 885916 同花顺漂亮100 0 -0.004927589346557516  698.516 691.794 691.011
309062 886045 同花顺中特估100 0 0.0005243882647265084  870.856 863.618 868.818
308901 885988 统一大市场 0 0.0029714536211632846  1070.632 1069.698 1069.410
300362 885500 通用航空 0 -0.003317442008172401  1563.956 1559.488 1546.423
308992 886007 TOPCON电池 0 -0.006764923860416657  889.638 884.620 873.081
300858 885439 土地流转 0 -0.003262155310418681  1952.288 1924.838 1918.409
308862 885968 托育服务 0 0.003681132833928139  900.538 890.982 884.398
300925 885962 土壤修复 0 -0.002715757491886348  852.678 843.915 840.257
302059 885788 网络直播 0 0.006831540650479224  782.254 779.772 780.601
308630 885876 网红经济 0 0.008238352762154564  1201.737 1195.021 1189.905
300019 885603 网络游戏 0 0.011357403998685336  1310.364 1293.613 1289.004
302142 885753 网约车 0 -0.0030184369391418084  1111.392 1096.546 1095.167
308300 885925 MCU芯片 0 -0.0032759218089189654  1005.315 1002.964 989.995
300722 885574 卫星导航 0 -0.0039003307014981886  2927.615 2902.199 2863.561
300806 885418 文化传媒 0 0.008801573135925117  2331.818 2303.876 2299.958
308791 885940 WiFi 6 0 0.002251678026575172  1149.217 1151.729 1135.383
300378 885312 物联网 0 -0.0003197434645099594  2160.065 2148.192 2125.856
300889 885564 无人机 0 -0.003742858772308185  1952.162 1945.674 1920.055
301286 885736 无人驾驶 0 -0.005080110641952026  1915.247 1902.376 1874.690
304756 885768 无人零售 0 0.003670095126606536  1038.756 1041.302 1036.159
300374 885412 污水处理 0 -0.001977910320613296  1400.805 1393.637 1387.279
300723 885774 无线充电 0 -0.0027575585012112372  1418.888 1419.887 1399.709
308612 885868 无线耳机 0 -0.0038434723348495076  1571.062 1563.910 1543.591
308717 885915 物业管理 0 0.0004886854361766732  1102.959 1089.723 1090.432
302182 885744 雄安新区 0 -0.002332241170248436  969.025 959.204 954.216
300836 885705 乡村振兴 0 -0.001339921129085771  927.169 919.259 915.553
309004 886009 先进封装 0 -0.003955197815710138  1254.046 1254.981 1233.387
308636 885882 消毒剂 0 -0.0033331287133627125  1531.294 1524.157 1515.840
308384 885800 消费电子概念 1 -0.005370246787241518  1769.689 1759.488 1734.424
300809 885552 小金属概念 0 -0.002701706555700459  1895.592 1890.325 1875.246
301278 885785 小米概念 0 -0.004474902477729964  1339.694 1332.964 1315.090
301543 885769 细胞免疫治疗 0 -0.0035288688895778082  977.367 967.349 963.335
300883 885544 新材料概念 0 -0.006743940667018982  2823.028 2802.250 2768.823
309020 886013 信创 0 0.0031277548785006693  1501.503 1482.535 1471.125
309086 886055 星闪概念 0 -0.003235287036814113  1079.966 1064.707 1050.775
309041 886027 新冠特效药 0 -0.003997887002665252  749.646 736.109 737.582
300870 885598 新股与次新股 0 -0.020866955478848394  19732.778 19073.557 18759.572
300386 885345 新疆振兴 0 -0.00033448964599013  867.989 862.241 861.603
302436 885784 新零售 0 0.003914666720458035  991.485 990.787 993.776
300008 885431 新能源汽车 1 -0.006867924190404952  2903.643 2893.505 2854.160
301085 885756 芯片概念 0 -0.003028036214428584  2622.822 2614.387 2578.172
301377 885814 信托概念 0 -0.002811272717572148  912.161 899.239 901.140
300756 885459 网络安全 0 0.0017762993350879913  4304.830 4256.959 4212.703
300841 885991 新型城镇化 0 -0.0034174581336968205  1024.153 1010.294 1005.599
309089 886057 新型工业化 0 -0.003992224665803806  1138.129 1134.358 1123.639
301362 885899 新型烟草 0 -0.0033784009813478274  1145.907 1139.090 1128.593
309038 886025 熊去氧胆酸 0 -0.0026410766634377366  1047.805 1027.870 1038.062
300777 885284 稀缺资源 0 -0.0011062654162081586  1188.684 1191.131 1178.974
300382 885343 稀土永磁 0 -0.0028988979438405397  1894.973 1894.569 1883.620
309042 886028 血氧仪 0 -0.007381585754337475  1115.343 1096.233 1087.761
308761 886004 虚拟电厂 0 -0.0012181890288159882  1113.675 1110.957 1102.297
308794 885950 虚拟数字人 0 0.009586586784132217  1074.244 1063.158 1057.383
301699 885709 虚拟现实 0 0.0026749741362527887  686.611 680.271 674.266
308733 885926 牙科医疗 0 -0.004486405170207774  913.129 905.439 902.328
308560 885851 烟草 0 0.0011327490482715434  1261.827 1258.676 1257.500
301576 885808 养鸡 0 -0.0016772094094475774  1343.104 1337.653 1351.259
301494 885522 养老概念 0 -0.000765530139752323  1974.231 1953.208 1956.003
301546 885595 央企国企改革 0 -0.0005620072304391817  2405.663 2389.446 2383.421
307904 885922 盐湖提锂 0 -0.004591036865570281  1235.959 1226.395 1215.285
301252 885838 眼科医疗 0 -0.0011872067988690194  1741.623 1726.349 1736.216
309061 886044 液冷服务器 0 0.0012559224384830325  902.922 901.519 893.540
300402 885372 页岩气 0 -0.003357456753693164  1869.967 1856.148 1860.277
301365 885494 一带一路 0 -0.001493703727763237  1693.330 1682.109 1677.067
300188 885333 移动支付 0 0.0022163176852522033  1890.072 1880.473 1861.290
308638 885883 医疗废物处理 0 -0.0030248360049492436  1205.575 1195.887 1190.789
308712 885913 医美概念 0 -0.0022155869529061046  1266.632 1254.385 1254.908
309065 886048 英伟达概念 0 0.0016226670337551455  980.690 979.210 971.971
308984 886000 一体化压铸 1 -0.007341225096398043  1081.972 1075.340 1064.643
301505 885539 医疗器械概念 0 -0.002032869126412752  2482.370 2461.637 2458.769
301279 885912 有机硅概念 0 -0.006609830942074211  1428.327 1417.046 1399.844
308818 885952 幽门螺杆菌概念 0 -0.0019553126553798193  1053.199 1038.313 1044.851
308752 885934 元宇宙 0 0.0066152241958448215  1397.937 1383.334 1372.486
301491 885521 粤港澳大湾区 0 -0.0015425741722122552  1866.793 1852.990 1840.869
301572 885811 玉米 0 -0.004635384733044126  2314.371 2315.889 2293.332
308634 885881 云办公 0 0.007986268736732418  1541.980 1529.241 1519.227
300419 885362 云计算 0 0.004731424984983174  3042.142 3014.536 2995.211
308624 885874 云游戏 0 0.014163003921644242  1140.083 1125.983 1121.233
300917 885772 语音技术 0 -2.6386296811578856e-05  1402.243 1391.209 1372.425
308458 885869 三季报预增 0 -0.0038802798264431543  2915.855 2893.071 2876.087
308814 885951 预制菜 0 0.003108529038466037  1048.942 1052.024 1063.929
301565 885661 医药电商 0 -0.0011858593976319537  1070.110 1055.954 1062.853
301227 885480 在线教育 0 0.008615889264247936  2475.852 2450.795 2441.416
301223 885497 在线旅游 0 0.006214198241047751  2203.395 2176.623 2194.231
308931 885992 噪声防治 0 -0.004351886895466742  1257.692 1246.204 1237.968
301713 885860 中船系 1 0.0031008380972473953  1232.355 1221.735 1251.865
302046 885740 债转股(AMC概念) 0 0.0008899482605902354  876.830 871.521 872.995
300642 885378 智慧城市 0 -0.00029853793826893827  3444.565 3404.110 3374.624
308841 885963 智慧灯杆 0 -0.005004827291187951  1182.858 1173.432 1151.693
308606 885956 智慧政务 0 0.0037777385245868467  1166.218 1152.330 1142.629
301175 885454 智能穿戴 0 -0.00292552250150053  2702.879 2687.399 2649.800
300037 885311 智能电网 0 -0.0034742981379956846  2442.028 2430.769 2408.916
300920 885478 智能家居 0 -0.003117872589584384  2755.939 2734.034 2712.318
300440 885766 智能交通 0 -0.0026986679088724344  1107.707 1096.044 1079.414
301797 885770 智能物流 0 -0.0008112762656621473  843.116 840.145 835.752
300682 885402 智能医疗 0 0.00010352103075879461  3648.212 3614.352 3584.416
302131 885771 智能音箱 0 -0.004362295897726939  1640.497 1624.065 1597.506
308792 885941 智能制造 0 -0.004349049503001267  1005.737 1000.936 992.279
309092 886059 智能座舱 0 -0.006114204607489877  1086.868 1081.495 1063.925
308172 885791 知识产权保护 0 0.0085628294299135  1472.683 1445.776 1442.070
301539 885586 职业教育 0 0.006457406815652124  1364.428 1354.376 1352.290
308854 885965 中俄贸易概念 0 -0.0014049807882007784  1218.522 1212.065 1207.910
301541 885591 中韩自贸区 0 0.00030397972181834946  1865.256 1857.329 1856.550
308690 885897 中芯国际概念 0 -0.002647233114000254  1365.199 1362.840 1350.527
300704 885741 中字头股票 0 0.0011559288822729802  1316.690 1304.894 1305.458
308740 885929 专精特新 0 -0.007553532287978397  1028.040 1019.882 1006.590
300435 885877 转基因 0 -0.008243627651117162  1699.818 1708.285 1673.117
308697 885905 注册制次新股 0 -0.00820065902985932  295.586 292.633 288.051
300451 885573 猪肉 0 -0.0035518860145631157  2953.079 2938.305 2956.549
301715 885663 证金持股 0 -0.002079420153744449  919.968 910.901 911.874
301455 885742 摘帽 0 0.0016351984652758717  702.667 698.831 696.617
305794 885760 装配式建筑 0 -0.0053391273786707605  811.868 798.953 794.195
301100 885580 足球概念 0 -0.002420952915700053  1015.165 1006.246 1000.117
302034 885758 租售同权 0 -0.0025815967392216364  754.830 737.910 739.074
306398 885764 自由贸易港 0 0.003908865634729436  818.396 818.849 818.174
300127 885537 3D打印 0 -0.004563188613876804  2563.120 2547.555 2522.442
300843 885556 5G 0 -0.0007615036530498813  3536.862 3523.037 3488.368
309055 886037 6G概念 0 0.0005045293902587796  1230.850 1225.670 1215.898
